48 54 54 54 54 54 54 54 54 54 54 54 54 54 54 54 50
53 52 52 52 52 52 52 52 52 52 52 52 52 52 52 52 55
53 52 32 33 52 52 60 60 40 52 52 36 37 52 52 52 55
53 52 34 35 52 52 60 40 60 52 52 38 39 52 52 52 55
53 52 52 52 52 52 60 41 60 52 52 52 52 52 52 52 55
53 52 52 52 52 52 60 42 60 52 52 52 52 52 52 52 55
53 52 40 60 60 60 60 43 60 60 60 60 60 52 52 52 55
53 52 60 40 41 42 43 52 43 42 41 40 60 52 62 52 55
53 52 60 60 60 60 60 43 60 60 60 60 40 52 52 52 55
53 52 52 52 52 52 60 42 60 52 52 52 52 52 52 52 55
53 52 52 52 52 52 60 41 60 52 52 52 52 52 52 52 55
53 52 28 29 52 52 60 40 60 52 52 44 45 52 52 52 55
53 52 30 31 52 52 40 60 60 52 52 46 47 52 52 52 55
53 52 52 52 52 52 52 52 52 52 52 52 52 52 52 52 55
49 56 56 56 56 56 56 56 56 56 56 56 56 56 56 56 51